301 361
0 8
0 4
0 282
1 294
1 297
1 89
1 54
2 101
2 295
3 9
3 300
4 285
5 295
5 208
6 7
6 189
7 300
9 282
10 14
10 237
11 120
11 72
12 237
12 168
13 166
13 127
14 72
15 168
16 21
16 30
17 35
18 23
18 36
19 32
19 25
20 33
20 89
21 144
22 89
22 192
23 192
24 65
24 26
25 65
26 29
27 31
28 36
28 35
29 130
30 296
31 34
32 92
33 296
34 92
37 39
37 43
38 56
39 50
40 52
40 48
40 58
41 42
41 55
42 68
42 59
43 89
44 53
45 54
45 259
46 56
46 50
47 55
47 49
48 51
48 57
49 51
49 59
49 57
51 58
52 53
57 58
60 130
60 68
61 181
61 62
62 63
64 70
64 160
65 75
65 77
66 71
66 76
67 69
67 79
68 86
68 75
69 82
69 136
69 132
71 77
71 94
71 99
72 73
72 85
73 81
74 78
74 86
74 139
74 134
76 81
76 99
76 212
76 210
78 84
79 80
80 143
81 112
81 210
81 232
82 85
83 160
83 84
87 173
87 89
88 96
88 121
88 251
88 120
89 170
89 192
89 190
90 101
90 173
91 99
91 96
91 178
91 206
91 204
92 169
92 94
93 121
93 100
95 171
95 101
97 102
97 98
98 172
100 158
101 298
102 104
102 195
103 169
104 170
104 190
105 172
106 115
106 198
106 187
106 223
106 224
107 113
108 117
108 175
109 113
109 117
110 176
110 115
111 120
111 116
111 288
112 175
114 116
114 145
118 124
118 128
119 135
119 121
120 138
120 133
120 178
120 248
120 127
121 127
122 129
122 126
123 132
123 131
124 126
125 137
125 135
127 138
128 139
130 134
130 140
130 266
130 287
132 142
133 136
137 140
137 222
137 221
137 266
137 253
140 289
140 222
141 168
141 142
143 163
143 149
143 174
143 292
143 271
144 161
144 148
144 259
144 266
145 164
145 165
145 177
145 249
145 250
146 158
146 153
147 156
147 155
148 152
148 259
148 287
149 164
149 239
149 240
150 152
150 160
151 160
151 159
152 272
152 269
153 161
153 221
153 213
154 162
154 157
155 163
157 167
158 166
158 171
158 213
158 215
158 221
158 164
159 162
160 182
164 181
165 166
174 180
176 177
176 208
179 186
179 192
180 197
181 196
181 184
182 199
183 191
183 185
184 197
185 189
186 189
187 193
188 195
188 198
189 243
189 245
189 294
191 194
193 196
194 199
194 293
194 281
197 240
197 242
200 201
200 218
202 205
202 217
203 219
204 209
205 229
206 210
207 220
207 218
208 227
208 228
209 226
211 228
211 223
212 230
214 220
214 229
215 227
216 219
216 225
220 224
221 266
222 226
222 253
225 231
230 231
232 236
233 235
233 234
234 236
234 237
235 237
238 264
238 243
239 250
241 242
241 254
244 245
244 259
246 267
247 248
247 249
251 252
252 253
254 255
255 257
256 258
256 263
257 258
260 265
261 263
261 262
262 267
264 265
268 274
268 291
269 287
270 279
270 275
271 290
272 281
273 286
273 284
275 293
276 283
276 282
277 288
277 278
278 292
279 285
280 284
282 285
283 291
285 299
286 290
287 289
296 297
296 298
299 300
